9150 20 250 22 175 4 131 2 30 7 11 26 135 6 71 1 249 16 141 43 138 15 164 40 252 21 172 3 9 19 88 48 70 18 42 49 146 8 182 41 68 27 67
9151 20 250 4 220 7 148 47 152 39 169 5 46 10 120 3 85 2 250 48 95 19 159 15 229 13 45 1 157 30 201 12 182 9 41 41 53 16 187 21 170 8 107
9152 20 250 2 207 3 57 23 146 14 89 26 184 18 121 8 44 1 216 30 132 9 115 17 202 48 102 21 94 5 134 7 175 12 127 4 42 27 213 25 240 11 158
9153 20 250 1 110 6 128 28 106 13 92 5 123 46 139 4 2 7 234 26 40 2 172 3 127 34 88 23 59 33 73 10 85 11 191 35 75 16 150 42 106 25 238
9154 20 250 2 180 7 192 11 120 39 52 1 107 12 235 17 22 24 192 4 97 3 88 5 0 9 147 15 35 18 59 31 52 5 132 6 57 43 1 37 107 21 210
9155 20 250 6 216 12 126 4 201 2 34 1 105 16 63 9 252 23 132 3 218 20 105 5 135 21 167 15 183 44 253 31 72 26 79 32 90 8 180 24 87 14 239
9156 20 250 6 173 38 169 1 9 5 121 31 26 7 120 4 153 10 43 34 7 49 199 24 132 47 112 17 21 9 160 2 246 21 153 3 165 41 13 32 110 18 219
9157 20 250 2 147 23 165 21 42 11 106 1 94 7 248 22 111 3 183 24 253 12 212 13 174 36 6 10 241 9 178 38 246 33 98 17 201 39 14 5 143 30 248
9158 20 250 13 18 5 206 3 136 38 95 6 141 1 163 40 190 8 71 4 21 14 172 35 54 2 41 25 56 11 86 39 94 21 255 18 106 10 131 19 63 9 226
9159 20 250 7 213 49 178 3 49 22 253 31 223 25 50 10 138 19 54 1 220 9 206 2 172 48 158 24 83 33 204 4 58 16 109 11 205 23 162 14 161 32 67
9160 20 250 2 92 1 188 23 214 27 82 5 245 10 17 30 119 8 139 3 7 19 67 7 80 26 209 14 6 31 173 4 205 15 236 6 88 32 211 44 75 22 40
9161 20 250 2 162 4 160 1 31 5 153 17 154 19 190 14 210 40 122 35 127 9 22 7 216 43 41 10 230 46 74 3 12 23 62 30 140 6 3 22 26 13 121
9162 20 250 31 165 1 24 46 150 38 157 6 63 5 192 2 155 4 243 23 232 34 89 40 220 39 209 11 190 10 85 3 22 13 187 8 150 44 135 37 231 28 83
9163 20 250 1 32 2 43 3 254 25 50 11 192 20 46 28 208 7 169 47 12 4 249 48 163 18 82 6 232 49 215 32 1 12 241 36 22 21 250 5 11 33 99
9164 20 250 5 93 37 208 13 120 1 158 6 126 44 87 10 64 4 81 3 63 2 163 28 153 8 113 23 20 40 51 39 39 31 14 16 84 15 28 7 3 12 17
9165 20 250 12 12 12 12 12 12 12 12 12 12 12 12 12 12 12 12 12 12 12 12 12 12 12 12 12 12 12 12 12 12 12 12 12 12 12 12 12 12 250 249
9166 20 250 14 226 3 177 1 92 16 249 2 108 7 85 18 3 4 97 20 41 47 80 33 4 35 63 34 31 6 232 12 79 29 10 31 216 15 25 5 219 44 220
9167 20 250 1 138 23 38 44 123 5 100 2 125 10 203 6 8 14 182 25 74 11 3 3 29 30 160 21 5 35 234 28 140 32 125 43 143 42 127 4 151 48 224
9168 20 250 22 228 9 79 4 174 37 251 30 57 1 110 28 86 49 237 2 226 6 70 23 49 11 212 3 30 10 98 8 102 5 55 20 88 27 169 34 102 21 216
9169 20 250 11 2 15 230 36 101 10 92 6 205 7 0 29 140 17 255 9 213 1 45 2 173 42 168 34 81 20 184 7 47 4 89 23 208 12 186 5 11 18 234
9170 20 250 4 82 21 68 24 124 5 193 1 62 3 125 48 191 17 56 35 220 10 60 6 219 27 250 11 236 20 1 14 249 8 145 34 158 9 206 15 213 30 221
9171 20 250 29 177 19 63 1 39 9 52 17 83 3 91 16 118 40 242 2 60 10 102 15 43 6 62 7 112 11 209 27 42 33 135 4 57 35 39 8 147 26 204
9172 20 250 1 14 6 21 20 229 4 85 11 246 9 25 5 131 18 150 30 154 3 200 13 242 17 116 8 198 27 207 21 202 24 105 2 92 10 16 26 115 47 76
9173 20 250 1 159 40 54 16 115 4 20 25 149 5 248 2 124 26 94 8 236 6 6 20 208 47 195 30 33 22 126 11 126 41 159 17 81 3 75 7 95 19 231
9174 20 250 16 99 2 193 1 143 14 164 20 198 7 71 6 208 34 152 3 97 29 208 30 69 17 228 8 50 41 225 27 199 49 171 21 81 11 203 13 9 4 246
9175 20 250 1 15 23 7 10 57 2 100 9 35 8 212 32 36 43 154 14 211 4 244 3 175 41 148 33 220 7 48 26 24 34 106 29 24 38 158 24 5 5 55
9176 20 250 1 210 7 5 15 140 8 164 5 129 3 3 2 32 6 160 4 86 28 86 40 47 16 53 39 231 18 184 12 211 32 192 19 42 9 199 24 208 48 38
9177 20 250 2 67 1 189 3 195 6 5 28 244 23 60 19 45 7 43 30 215 42 17 18 176 35 208 14 245 12 245 22 171 24 117 46 32 33 43 11 50 13 135
9178 20 250 3 22 38 184 1 34 27 170 2 220 9 165 35 208 29 246 34 105 4 93 39 26 16 142 12 102 22 229 8 51 15 48 41 8 17 207 18 176 47 126
9179 20 250 2 39 1 163 16 40 24 102 4 16 30 119 6 163 29 190 3 201 23 2 5 40 7 87 47 209 14 185 43 66 19 179 9 216 12 63 49 132 20 27
9180 20 250 1 189 9 123 3 202 34 161 4 146 12 236 30 193 7 28 11 174 10 166 23 99 6 82 49 67 2 10 41 151 47 92 36 192 33 124 28 4 20 121
9181 20 250 2 149 7 39 6 206 15 136 1 21 27 80 9 217 14 167 11 175 19 2 31 38 4 57 40 135 3 189 22 25 8 219 33 163 21 242 13 156 24 84
9182 20 250 4 97 8 6 2 220 3 252 24 252 1 40 13 17 29 180 16 168 45 248 5 28 31 246 35 220 10 86 12 4 6 134 19 132 32 99 11 187 30 178
9183 20 250 2 161 49 145 40 124 1 97 4 49 6 118 20 7 12 50 39 37 13 156 23 9 15 195 3 142 7 152 38 158 25 72 17 105 21 139 41 145 43 107
9184 20 250 7 250 32 210 8 134 2 88 49 249 12 233 5 241 1 77 19 129 6 159 3 14 10 159 14 111 9 158 17 225 28 136 16 45 15 255 25 200 22 149
9185 20 250 13 87 41 21 2 27 1 147 23 38 3 201 27 120 4 223 21 187 5 95 14 147 17 36 6 234 37 12 20 252 38 26 8 231 29 222 26 102 31 62
9186 20 250 1 90 32 252 20 136 37 197 34 123 7 3 9 188 15 249 11 45 3 27 8 72 2 114 17 206 5 47 19 157 14 126 10 241 47 154 4 99 21 159
9187 20 250 3 210 33 218 1 161 23 37 4 41 2 214 17 216 16 145 6 218 7 15 39 69 12 67 34 152 41 230 26 104 18 72 36 71 10 212 21 73 11 51
9188 20 250 1 184 29 233 36 51 3 164 2 25 43 99 15 16 16 38 37 118 7 133 14 10 5 175 10 75 4 147 6 102 11 80 28 70 38 133 31 177 34 167
9189 20 250 48 150 1 161 12 76 2 19 3 60 23 120 10 94 27 162 28 254 35 145 11 66 8 30 33 134 4 12 14 239 6 43 9 217 26 174 31 169 46 3
9190 20 250 5 154 24 23 1 62 19 55 6 189 12 207 3 104 4 207 32 11 13 205 34 223 30 164 2 146 11 217 39 74 37 36 44 164 43 133 18 108 38 98
9191 20 250 4 195 2 25 7 252 1 0 9 133 17 62 21 197 43 5 5 80 10 107 1 241 32 213 37 180 19 31 3 196 8 67 6 210 14 243 11 142 12 244
9192 20 250 1 185 3 167 2 178 4 178 18 19 20 225 17 21 5 163 15 15 12 93 6 23 21 211 30 84 31 216 8 207 26 35 37 218 41 174 34 12 9 98
9193 20 250 2 35 5 77 4 118 24 66 1 207 45 6 26 176 39 153 20 2 14 73 38 12 3 190 27 24 9 169 30 184 15 44 11 29 40 143 29 19 37 186
9194 20 250 6 102 49 106 3 45 2 246 36 246 19 246 1 165 11 246 15 157 30 37 27 43 23 174 4 240 31 173 39 238 8 214 47 31 13 159 14 70 28 19
9195 20 250 11 125 1 45 20 227 2 209 10 46 42 121 16 178 3 156 18 30 19 225 17 30 9 214 14 91 26 248 6 63 5 31 32 45 35 42 7 176 34 236
9196 20 250 4 248 10 148 27 53 6 184 40 176 2 234 3 47 21 59 37 39 1 160 17 55 9 129 26 178 18 23 12 37 7 220 32 24 25 238 13 145 36 194
9197 20 250 11 45 8 170 23 99 4 234 10 157 1 99 43 110 44 8 6 249 13 205 2 189 45 50 16 146 30 38 24 153 5 201 9 103 3 11 35 188 27 58
9198 20 250 1 67 14 228 13 255 2 75 3 75 5 65 9 79 10 188 17 34 15 39 7 158 40 93 4 13 33 141 39 228 6 18 47 239 48 99 8 75 11 49
9199 20 250 22 135 10 23 3 172 2 42 1 114 4 92 37 91 19 86 43 204 5 8 32 169 23 228 27 197 15 4 45 215 12 186 28 158 7 135 26 52 17 227
